{
 "cells": [
  {
   "cell_type": "code",
   "execution_count": 3,
   "metadata": {
    "collapsed": true,
    "pycharm": {
     "name": "#%%\n"
    }
   },
   "outputs": [
    {
     "name": "stdout",
     "output_type": "stream",
     "text": [
      "outputs: BaseModelOutputWithPoolingAndCrossAttentions(last_hidden_state=tensor([[[-0.0156, -0.3471, -0.1974,  ...,  0.1924,  0.2098, -0.1499],\n",
      "         [ 0.1466, -0.2614, -0.2969,  ...,  0.6034,  0.1022, -0.3806],\n",
      "         [-0.0739, -0.1314, -0.2936,  ...,  0.4730,  0.4132, -0.3859],\n",
      "         ...,\n",
      "         [ 0.0794, -0.1207, -0.2206,  ...,  0.5999,  0.3389, -0.2619],\n",
      "         [-0.1230, -0.1248, -0.1224,  ...,  0.6276,  0.4347, -0.2931],\n",
      "         [-0.0156, -0.3471, -0.1974,  ...,  0.1924,  0.2098, -0.1499]]],\n",
      "       grad_fn=<NativeLayerNormBackward0>), pooler_output=tensor([[ 4.6360e-02,  8.1001e-02,  1.0065e-01,  5.3759e-02, -1.3268e-02,\n",
      "          4.3429e-02,  2.7542e-04, -7.7822e-02,  4.8983e-02, -3.3072e-02,\n",
      "         -1.6545e-01,  1.7681e-01,  2.9347e-03,  2.5602e-02,  8.2902e-02,\n",
      "          9.1769e-02,  3.6724e-03, -1.0411e-01, -7.8356e-02,  1.1741e-01,\n",
      "          2.1732e-02, -3.3147e-02, -2.6432e-02,  5.7533e-03, -4.6432e-02,\n",
      "          7.7227e-02,  5.3195e-02, -2.1543e-01,  4.4826e-02,  4.1361e-02,\n",
      "          7.9552e-02, -3.7171e-02, -1.2320e-01,  3.8163e-02,  3.6582e-02,\n",
      "          4.9819e-02,  5.3723e-02, -1.0205e-01,  1.3649e-01, -1.9980e-01,\n",
      "          1.8941e-02,  2.3820e-02, -8.8609e-02,  4.1326e-02, -6.5336e-02,\n",
      "         -4.0553e-03, -8.6665e-02, -6.3300e-05,  1.0482e-01, -1.0565e-01,\n",
      "          1.9114e-01,  1.8419e-01,  1.8136e-01, -1.0932e-01,  8.9408e-02,\n",
      "         -6.2739e-02, -2.4661e-02, -1.4103e-01,  1.9944e-02, -1.5735e-02,\n",
      "          1.3379e-01,  5.6541e-02,  2.6995e-02, -9.5498e-02, -9.9430e-03,\n",
      "         -5.0820e-03, -8.9751e-02, -9.7732e-03,  1.3994e-01, -1.3591e-01,\n",
      "         -2.3391e-02, -1.4877e-02,  5.5148e-02, -6.9324e-02, -5.8535e-02,\n",
      "         -1.4119e-02,  5.1507e-02, -1.6641e-01, -7.1205e-02,  4.8790e-02,\n",
      "         -6.1191e-02,  1.2131e-01,  6.8974e-02,  5.1389e-02, -9.0071e-03,\n",
      "          3.4224e-02,  1.0443e-02,  8.4874e-02,  3.5455e-02, -4.3613e-02,\n",
      "         -2.8266e-02, -2.1249e-02,  4.6839e-02,  8.1697e-02,  8.7366e-02,\n",
      "         -1.5401e-02, -4.5873e-02, -6.1577e-03,  2.0212e-01,  5.3731e-02,\n",
      "         -1.6963e-01, -8.9713e-02, -8.0465e-03, -4.4235e-03, -1.4207e-01,\n",
      "          1.4887e-01,  1.4895e-01, -5.7936e-03,  1.3297e-01, -6.1204e-03,\n",
      "          1.1561e-04,  1.0285e-01, -3.6814e-02,  7.5885e-02,  5.6790e-02,\n",
      "          2.9624e-02,  2.2479e-01,  1.5027e-02,  2.4712e-02, -4.0484e-02,\n",
      "          3.1559e-03, -1.6380e-01,  5.1108e-02,  1.1329e-02,  3.0314e-02,\n",
      "         -2.2696e-02, -1.0343e-01,  2.9269e-02, -4.7166e-02, -1.3067e-01,\n",
      "          6.5252e-04,  9.5214e-02,  7.7545e-02, -3.5760e-02, -5.8725e-03,\n",
      "         -6.7620e-02, -3.9119e-02, -3.5486e-02, -3.4733e-02, -8.4449e-02,\n",
      "         -8.4421e-02, -7.4287e-03, -1.1875e-01, -6.5872e-02, -5.4675e-02,\n",
      "         -5.4012e-02, -2.0796e-01, -2.6621e-02,  1.8020e-02, -5.1108e-02,\n",
      "          1.2877e-01,  2.1440e-03,  2.8638e-02,  2.6978e-02,  6.9961e-02,\n",
      "          8.7925e-02,  1.9415e-01, -4.9358e-02,  6.2058e-02,  1.2290e-01,\n",
      "          1.1357e-01,  1.1242e-01, -1.8708e-02,  8.2802e-02, -4.7980e-03,\n",
      "          3.6175e-02,  5.1921e-02, -1.4105e-01,  1.5187e-01,  2.2696e-01,\n",
      "          6.4783e-02, -3.2755e-02,  8.4103e-02,  1.1006e-01, -6.2182e-02,\n",
      "         -2.1704e-01,  4.6656e-02, -7.4093e-02,  8.3859e-02, -3.3875e-03,\n",
      "          8.2230e-02,  4.7706e-02,  3.9445e-02, -1.4372e-01, -2.9802e-03,\n",
      "          1.6037e-01,  6.0945e-04, -1.8330e-02,  1.7448e-01, -1.4824e-01,\n",
      "          2.4441e-01, -1.3464e-01,  2.0962e-03,  3.4690e-02,  2.3327e-02,\n",
      "         -3.4793e-02, -6.9531e-02, -1.2573e-02, -8.5333e-02,  1.4332e-02,\n",
      "          1.4523e-02,  1.4453e-01,  3.2510e-02, -5.9055e-02,  5.0279e-02,\n",
      "         -2.0734e-03,  1.0141e-01, -9.3767e-02,  1.5491e-01,  5.1962e-02,\n",
      "         -1.5516e-01,  1.0114e-01,  1.3996e-02, -1.0868e-01,  3.7014e-02,\n",
      "         -5.8064e-02,  7.4093e-02, -3.6433e-02,  2.9853e-02, -1.9274e-01,\n",
      "          1.8567e-01,  4.3266e-02, -1.0221e-01,  1.3059e-01, -7.2713e-02,\n",
      "          8.5458e-02, -9.3520e-03, -5.5754e-02,  8.0301e-02, -1.2910e-01,\n",
      "         -1.6655e-01, -1.0603e-01, -4.0862e-02,  4.9139e-02, -4.9097e-02,\n",
      "          1.0932e-01,  3.7753e-02,  7.4792e-02, -1.8296e-02, -2.7358e-02,\n",
      "          2.3896e-02, -8.7918e-02, -2.5759e-02,  7.5753e-02,  7.5217e-02,\n",
      "          1.2824e-01,  9.8695e-02,  5.4763e-02,  4.6113e-03,  8.3127e-02,\n",
      "         -1.2907e-01,  1.3148e-02, -4.0975e-02,  8.4935e-02,  6.5567e-02,\n",
      "          3.0584e-03, -8.1269e-02,  7.3390e-02, -1.1783e-01, -5.5353e-02,\n",
      "         -4.0657e-02, -1.2448e-01, -4.4191e-02,  5.7801e-02, -1.3534e-02,\n",
      "         -5.4676e-02, -6.5396e-02, -3.5362e-02,  1.5565e-01, -1.3163e-01,\n",
      "         -7.8520e-02, -1.4933e-01,  1.6587e-01, -1.7827e-02, -3.2081e-02,\n",
      "         -3.5951e-02, -4.7022e-03,  2.3629e-03,  1.3195e-01, -1.4842e-01,\n",
      "          1.1726e-01, -1.2416e-01,  6.2163e-02,  7.7027e-02, -6.0722e-02,\n",
      "         -2.4890e-02,  4.0410e-02, -2.1932e-03, -1.5342e-02,  4.0699e-02,\n",
      "         -1.0926e-01,  2.9700e-02,  1.0525e-01,  4.8615e-02,  2.9043e-02,\n",
      "         -1.7896e-02,  3.6257e-02, -6.1072e-02, -1.0128e-01, -6.6998e-02,\n",
      "         -8.7834e-05,  5.3285e-02, -6.9775e-03, -6.4080e-02,  1.2461e-01,\n",
      "          9.3253e-02, -3.2201e-02, -8.5254e-02, -1.5103e-01, -1.8330e-01,\n",
      "         -9.7428e-02,  5.7390e-02, -6.8409e-02,  5.8903e-02, -1.2298e-01,\n",
      "          6.9781e-02, -7.8937e-02, -2.2693e-02, -1.6032e-02,  6.2436e-02,\n",
      "          1.9468e-02,  6.0855e-02, -1.1735e-02, -1.5967e-01, -5.8534e-02,\n",
      "          7.9926e-02, -5.6591e-02,  5.2274e-02, -4.7811e-03, -1.9110e-02,\n",
      "          8.2499e-02, -6.4577e-02,  4.8317e-02,  1.1391e-01,  7.8830e-02,\n",
      "         -2.4703e-03,  3.7018e-02,  1.8168e-01, -4.2979e-02, -5.8567e-02,\n",
      "          6.9770e-02,  8.9919e-03,  2.8626e-02, -5.7610e-02, -4.9281e-02,\n",
      "          1.2179e-01,  8.5970e-03, -7.5209e-02,  1.1420e-01, -6.7193e-02,\n",
      "         -6.3862e-02, -1.4186e-02,  3.5043e-02,  5.2733e-03,  3.9849e-03,\n",
      "          3.0949e-02,  1.0716e-02,  7.4737e-03,  5.0947e-02,  1.1597e-01,\n",
      "          1.1338e-01, -2.0268e-01,  7.2641e-02,  9.2527e-02,  6.2779e-02,\n",
      "         -1.1451e-01,  1.4236e-01,  2.7334e-02, -1.4638e-01, -1.7835e-02,\n",
      "         -6.0780e-02,  4.9333e-03,  9.3858e-02, -1.3983e-02,  6.0711e-02,\n",
      "          1.2677e-01,  4.9213e-02, -1.5535e-02, -2.6077e-03,  9.0632e-03,\n",
      "          1.7107e-03, -7.5176e-02,  6.8432e-02,  2.3288e-02]],\n",
      "       grad_fn=<TanhBackward0>), hidden_states=None, past_key_values=None, attentions=(tensor([[[[2.1134e-01, 1.9267e-01, 2.4838e-02, 7.8919e-02, 7.0016e-02,\n",
      "           1.8102e-01, 8.0205e-02, 1.6099e-01],\n",
      "          [2.3146e-01, 1.2385e-01, 4.7765e-02, 4.9419e-02, 1.6147e-01,\n",
      "           1.4930e-01, 6.6004e-02, 1.7074e-01],\n",
      "          [2.6530e-01, 1.4969e-01, 3.2423e-02, 3.1274e-02, 1.8217e-01,\n",
      "           1.4797e-01, 4.0413e-02, 1.5076e-01],\n",
      "          [3.3536e-01, 2.0147e-01, 3.1170e-02, 3.9161e-02, 6.5608e-02,\n",
      "           1.8671e-01, 3.3093e-02, 1.0743e-01],\n",
      "          [2.9296e-01, 1.2661e-01, 4.0293e-02, 8.0561e-02, 1.2247e-01,\n",
      "           1.3218e-01, 5.4401e-02, 1.5052e-01],\n",
      "          [2.8741e-01, 1.4108e-01, 3.4767e-02, 4.9070e-02, 1.3864e-01,\n",
      "           1.5508e-01, 4.6689e-02, 1.4726e-01],\n",
      "          [5.1092e-01, 8.8785e-02, 4.5726e-02, 3.2885e-02, 7.6477e-02,\n",
      "           6.7816e-02, 2.8407e-02, 1.4898e-01],\n",
      "          [1.9747e-01, 2.1460e-01, 3.6743e-02, 1.0282e-01, 1.0417e-01,\n",
      "           2.0277e-01, 7.1589e-02, 6.9840e-02]],\n",
      "\n",
      "         [[2.3241e-01, 1.4844e-01, 6.0515e-02, 8.1522e-02, 1.2088e-01,\n",
      "           1.3184e-01, 7.5083e-02, 1.4930e-01],\n",
      "          [2.7110e-01, 1.0796e-01, 4.2673e-02, 7.8240e-02, 1.0674e-01,\n",
      "           1.0915e-01, 4.8702e-02, 2.3544e-01],\n",
      "          [4.0351e-01, 7.1380e-02, 4.0642e-02, 2.9171e-02, 1.1048e-01,\n",
      "           8.0236e-02, 4.2628e-02, 2.2195e-01],\n",
      "          [2.4080e-01, 9.9059e-02, 6.5090e-02, 4.7740e-02, 1.5059e-01,\n",
      "           1.2437e-01, 5.7409e-02, 2.1493e-01],\n",
      "          [2.2615e-01, 1.0566e-01, 5.4576e-02, 1.1315e-01, 1.4732e-01,\n",
      "           1.2356e-01, 5.2355e-02, 1.7724e-01],\n",
      "          [2.4589e-01, 1.1735e-01, 5.1273e-02, 7.7717e-02, 1.1992e-01,\n",
      "           1.1963e-01, 5.5107e-02, 2.1312e-01],\n",
      "          [3.2792e-01, 1.0008e-01, 1.1720e-01, 1.8854e-02, 1.2642e-01,\n",
      "           8.8070e-02, 4.1488e-02, 1.7998e-01],\n",
      "          [2.6218e-01, 8.8714e-02, 1.2715e-01, 5.7675e-02, 1.4641e-01,\n",
      "           8.8676e-02, 7.9542e-02, 1.4966e-01]],\n",
      "\n",
      "         [[1.6218e-01, 2.2808e-01, 4.0481e-02, 2.6270e-02, 8.8997e-02,\n",
      "           1.5274e-01, 4.7282e-02, 2.5397e-01],\n",
      "          [7.4194e-02, 2.0352e-01, 4.0911e-02, 3.4947e-02, 8.4903e-02,\n",
      "           1.4632e-01, 1.7506e-02, 3.9769e-01],\n",
      "          [3.1416e-02, 1.5454e-01, 2.8524e-02, 4.9868e-01, 4.1087e-02,\n",
      "           9.0243e-02, 8.3402e-03, 1.4716e-01],\n",
      "          [6.3723e-02, 1.4550e-01, 7.9391e-03, 1.4201e-01, 1.9989e-01,\n",
      "           1.0499e-01, 1.5612e-01, 1.7983e-01],\n",
      "          [5.6259e-02, 2.0964e-01, 6.5484e-02, 2.0149e-01, 9.8182e-02,\n",
      "           1.4362e-01, 2.7199e-02, 1.9813e-01],\n",
      "          [7.5179e-02, 1.7623e-01, 3.5386e-02, 2.9247e-02, 7.7553e-02,\n",
      "           1.3821e-01, 1.6927e-02, 4.5127e-01],\n",
      "          [1.2889e-01, 1.9906e-01, 3.1421e-02, 7.0864e-02, 9.1888e-02,\n",
      "           1.5970e-01, 1.7680e-01, 1.4138e-01],\n",
      "          [4.3311e-02, 2.0707e-01, 2.0082e-02, 1.4219e-02, 1.3773e-01,\n",
      "           2.2169e-01, 3.8992e-02, 3.1691e-01]],\n",
      "\n",
      "         [[1.3949e-01, 5.5626e-02, 2.1183e-01, 1.4289e-01, 1.4312e-01,\n",
      "           4.5807e-02, 9.6601e-02, 1.6464e-01],\n",
      "          [1.1771e-01, 1.2826e-01, 1.2577e-01, 1.3892e-01, 1.0175e-01,\n",
      "           1.1919e-01, 1.0203e-01, 1.6637e-01],\n",
      "          [2.4133e-01, 1.2588e-01, 8.4951e-02, 9.0960e-02, 1.0732e-01,\n",
      "           1.4050e-01, 1.1384e-01, 9.5221e-02],\n",
      "          [1.8388e-01, 1.0011e-01, 2.0400e-01, 4.1783e-02, 6.2729e-02,\n",
      "           1.0270e-01, 2.0873e-01, 9.6068e-02],\n",
      "          [1.1058e-01, 1.2634e-01, 6.4861e-02, 1.1461e-01, 2.0493e-01,\n",
      "           1.3608e-01, 1.0193e-01, 1.4067e-01],\n",
      "          [1.2761e-01, 1.2746e-01, 1.1758e-01, 1.2186e-01, 1.3725e-01,\n",
      "           1.2487e-01, 9.3422e-02, 1.4995e-01],\n",
      "          [8.5609e-02, 1.7595e-01, 9.3738e-02, 1.2347e-01, 1.3301e-01,\n",
      "           1.5918e-01, 4.1801e-02, 1.8724e-01],\n",
      "          [2.2957e-01, 1.0701e-01, 1.5393e-01, 7.0216e-02, 1.0259e-01,\n",
      "           1.0356e-01, 1.0044e-01, 1.3269e-01]],\n",
      "\n",
      "         [[8.9463e-03, 2.3793e-02, 1.0990e-04, 2.2654e-03, 2.1493e-04,\n",
      "           4.3663e-02, 3.8828e-04, 9.2062e-01],\n",
      "          [1.4149e-01, 3.0206e-01, 8.2139e-02, 3.8971e-02, 1.1059e-01,\n",
      "           2.3251e-01, 7.6066e-02, 1.6164e-02],\n",
      "          [1.9765e-01, 8.6926e-02, 5.9293e-02, 1.8414e-01, 3.0727e-01,\n",
      "           8.3789e-02, 6.1214e-02, 1.9714e-02],\n",
      "          [2.1343e-01, 2.7312e-01, 1.4326e-01, 6.2407e-02, 1.0926e-01,\n",
      "           1.4915e-01, 4.6495e-02, 2.8819e-03],\n",
      "          [1.3603e-01, 2.2743e-01, 1.1257e-01, 8.7745e-02, 9.1331e-02,\n",
      "           2.0011e-01, 1.3617e-01, 8.6105e-03],\n",
      "          [1.7536e-01, 2.3744e-01, 9.3346e-02, 6.1662e-02, 7.9323e-02,\n",
      "           2.0752e-01, 1.1787e-01, 2.7473e-02],\n",
      "          [2.0181e-01, 2.1217e-01, 9.1395e-02, 4.8294e-02, 1.5654e-01,\n",
      "           2.1245e-01, 6.5718e-02, 1.1627e-02],\n",
      "          [1.2554e-01, 2.1349e-01, 1.1369e-01, 1.0622e-01, 9.6603e-02,\n",
      "           2.0158e-01, 1.0780e-01, 3.5082e-02]],\n",
      "\n",
      "         [[3.0852e-02, 2.0095e-01, 7.3818e-02, 7.8628e-02, 9.7914e-02,\n",
      "           2.1236e-01, 1.7197e-01, 1.3350e-01],\n",
      "          [2.4586e-01, 8.6951e-02, 3.0997e-02, 7.9842e-02, 9.3251e-02,\n",
      "           9.1489e-02, 5.8063e-02, 3.1355e-01],\n",
      "          [1.1915e-01, 6.3363e-02, 3.1312e-01, 2.0692e-02, 1.1589e-01,\n",
      "           5.3767e-02, 9.0632e-02, 2.2339e-01],\n",
      "          [2.5026e-01, 6.4890e-02, 7.1454e-03, 3.1838e-01, 6.5100e-02,\n",
      "           7.6827e-02, 7.8012e-02, 1.3939e-01],\n",
      "          [1.5677e-01, 8.0936e-02, 8.7849e-02, 1.5073e-01, 9.0674e-02,\n",
      "           8.2719e-02, 1.1823e-01, 2.3209e-01],\n",
      "          [2.1683e-01, 8.8963e-02, 3.5588e-02, 6.8689e-02, 9.3759e-02,\n",
      "           9.2259e-02, 6.4988e-02, 3.3893e-01],\n",
      "          [1.8974e-01, 1.6954e-01, 1.4834e-02, 1.6498e-01, 4.5692e-02,\n",
      "           1.8743e-01, 3.3046e-02, 1.9473e-01],\n",
      "          [1.5093e-01, 9.8067e-02, 9.4489e-02, 8.0887e-02, 1.3371e-01,\n",
      "           1.1317e-01, 1.1492e-01, 2.1382e-01]],\n",
      "\n",
      "         [[8.5050e-01, 5.2640e-02, 4.8741e-03, 7.1031e-03, 1.5069e-02,\n",
      "           3.5938e-02, 9.8432e-03, 2.4033e-02],\n",
      "          [5.6662e-01, 2.8214e-01, 1.1991e-02, 2.4499e-02, 6.7444e-02,\n",
      "           1.4571e-02, 4.0363e-03, 2.8704e-02],\n",
      "          [2.1073e-01, 7.4857e-01, 1.0270e-02, 1.0227e-03, 2.0097e-03,\n",
      "           1.8828e-02, 6.2402e-03, 2.3238e-03],\n",
      "          [3.3008e-01, 2.0142e-01, 3.7974e-01, 1.6206e-02, 9.5707e-03,\n",
      "           1.5479e-02, 1.1135e-02, 3.6377e-02],\n",
      "          [8.2806e-03, 2.4616e-03, 3.1202e-02, 9.3900e-01, 1.0168e-02,\n",
      "           1.5619e-03, 6.9331e-04, 6.6322e-03],\n",
      "          [6.3761e-03, 8.6671e-03, 3.2693e-03, 1.8844e-02, 8.7342e-01,\n",
      "           8.5530e-02, 1.1845e-03, 2.7118e-03],\n",
      "          [4.4403e-01, 2.7322e-02, 1.0164e-02, 2.6739e-03, 4.8724e-02,\n",
      "           4.3964e-01, 1.1542e-02, 1.5902e-02],\n",
      "          [7.4301e-02, 3.4146e-02, 6.7428e-02, 1.2160e-02, 2.9369e-03,\n",
      "           2.6029e-01, 1.6622e-01, 3.8252e-01]],\n",
      "\n",
      "         [[6.7076e-01, 7.9951e-02, 6.6283e-02, 2.9548e-02, 2.0838e-02,\n",
      "           6.2496e-02, 3.4576e-02, 3.5552e-02],\n",
      "          [9.5832e-05, 2.4834e-03, 9.9539e-01, 5.3175e-04, 1.3870e-06,\n",
      "           3.7259e-05, 1.4356e-03, 2.5703e-05],\n",
      "          [3.8618e-04, 3.3244e-04, 4.8888e-02, 9.2946e-01, 8.6816e-03,\n",
      "           5.9311e-05, 5.2704e-03, 6.9213e-03],\n",
      "          [7.6174e-05, 2.0339e-04, 4.6509e-05, 5.3847e-03, 9.9097e-01,\n",
      "           3.1703e-03, 6.9086e-05, 8.3928e-05],\n",
      "          [9.7298e-05, 5.7890e-04, 9.4131e-05, 2.0012e-05, 1.3062e-03,\n",
      "           9.9561e-01, 2.2838e-03, 7.9155e-06],\n",
      "          [4.3696e-05, 2.8440e-05, 4.3156e-03, 2.0477e-05, 5.3514e-06,\n",
      "           1.5509e-02, 9.7794e-01, 2.1336e-03],\n",
      "          [8.9845e-04, 2.5201e-05, 2.8782e-03, 2.5098e-03, 2.7597e-06,\n",
      "           1.0594e-04, 1.6460e-02, 9.7712e-01],\n",
      "          [2.4227e-03, 1.9261e-03, 1.5404e-04, 1.3158e-03, 2.2088e-03,\n",
      "           2.8819e-04, 4.4176e-04, 9.9124e-01]],\n",
      "\n",
      "         [[8.2952e-02, 1.3320e-01, 6.3418e-02, 1.1418e-01, 5.5598e-02,\n",
      "           1.4353e-01, 3.2058e-01, 8.6550e-02],\n",
      "          [4.0219e-01, 5.7410e-02, 2.5358e-02, 1.3523e-01, 9.5844e-02,\n",
      "           6.0781e-02, 5.2268e-02, 1.7092e-01],\n",
      "          [1.7735e-01, 2.6964e-02, 6.1213e-01, 7.9465e-03, 6.2112e-02,\n",
      "           2.0153e-02, 1.4805e-02, 7.8536e-02],\n",
      "          [3.1129e-01, 3.9775e-02, 9.6878e-03, 3.2704e-01, 3.6136e-02,\n",
      "           5.5703e-02, 8.1899e-02, 1.3847e-01],\n",
      "          [2.7611e-01, 1.3535e-01, 4.1811e-02, 1.1880e-01, 6.3185e-02,\n",
      "           1.5561e-01, 6.3824e-02, 1.4530e-01],\n",
      "          [3.9927e-01, 6.7279e-02, 3.3173e-02, 1.1105e-01, 9.5718e-02,\n",
      "           6.8856e-02, 5.0380e-02, 1.7427e-01],\n",
      "          [3.3941e-01, 4.3170e-02, 2.3722e-01, 7.6434e-02, 6.1547e-02,\n",
      "           3.8613e-02, 7.4923e-02, 1.2868e-01],\n",
      "          [2.0077e-01, 8.3144e-02, 6.0830e-02, 4.7774e-02, 1.5987e-01,\n",
      "           9.9407e-02, 1.1433e-01, 2.3388e-01]],\n",
      "\n",
      "         [[1.2296e-01, 1.7884e-01, 2.3589e-02, 7.1035e-02, 9.6494e-02,\n",
      "           2.2670e-01, 6.5249e-02, 2.1513e-01],\n",
      "          [1.0468e-01, 2.1021e-01, 2.5934e-02, 7.9730e-02, 1.2808e-01,\n",
      "           2.4051e-01, 6.0989e-02, 1.4986e-01],\n",
      "          [2.3712e-01, 1.6204e-01, 8.3586e-02, 3.3427e-02, 7.2018e-02,\n",
      "           1.5548e-01, 9.5711e-02, 1.6062e-01],\n",
      "          [2.8527e-01, 9.3066e-02, 1.0491e-01, 5.7576e-02, 1.4782e-01,\n",
      "           1.1563e-01, 6.6060e-02, 1.2966e-01],\n",
      "          [1.1018e-01, 2.2414e-01, 5.5678e-02, 8.4364e-02, 1.0012e-01,\n",
      "           2.3897e-01, 5.9957e-02, 1.2658e-01],\n",
      "          [1.0531e-01, 2.1574e-01, 2.6786e-02, 7.2737e-02, 1.3330e-01,\n",
      "           2.4124e-01, 5.2096e-02, 1.5280e-01],\n",
      "          [2.9585e-01, 7.5046e-02, 2.5775e-01, 3.0516e-02, 8.4593e-02,\n",
      "           5.8021e-02, 5.5500e-02, 1.4272e-01],\n",
      "          [9.4273e-02, 1.7648e-01, 2.0067e-02, 6.6665e-02, 2.4005e-01,\n",
      "           1.9532e-01, 7.1888e-02, 1.3526e-01]],\n",
      "\n",
      "         [[9.6366e-02, 1.9933e-01, 1.1444e-01, 7.0227e-02, 1.5915e-01,\n",
      "           1.7921e-01, 5.3337e-02, 1.2794e-01],\n",
      "          [9.8526e-02, 2.0274e-01, 9.0202e-02, 8.2951e-02, 9.0941e-02,\n",
      "           1.7620e-01, 4.3583e-02, 2.1486e-01],\n",
      "          [1.0370e-01, 1.1596e-01, 1.0217e-01, 1.1636e-01, 1.0674e-01,\n",
      "           1.0689e-01, 2.2729e-01, 1.2090e-01],\n",
      "          [1.2031e-01, 1.1158e-01, 1.7178e-01, 1.1989e-01, 1.3726e-01,\n",
      "           1.1162e-01, 7.4519e-02, 1.5304e-01],\n",
      "          [6.9456e-02, 1.2007e-01, 1.1419e-01, 1.9392e-01, 6.8316e-02,\n",
      "           1.4902e-01, 9.5064e-02, 1.8996e-01],\n",
      "          [7.7717e-02, 1.7016e-01, 7.1864e-02, 7.2420e-02, 8.4397e-02,\n",
      "           1.9189e-01, 5.4446e-02, 2.7711e-01],\n",
      "          [1.1739e-01, 1.6122e-01, 1.2547e-01, 6.7092e-02, 1.4775e-01,\n",
      "           1.9397e-01, 3.8204e-02, 1.4890e-01],\n",
      "          [7.8807e-02, 1.4293e-01, 8.4951e-02, 6.6641e-02, 1.1894e-01,\n",
      "           1.8284e-01, 9.2493e-02, 2.3240e-01]],\n",
      "\n",
      "         [[8.2350e-01, 2.8651e-02, 2.7752e-02, 1.2626e-02, 2.4467e-02,\n",
      "           4.2172e-02, 1.5417e-02, 2.5418e-02],\n",
      "          [4.0653e-03, 2.8823e-01, 7.7019e-02, 6.3696e-03, 1.3968e-02,\n",
      "           2.6306e-01, 3.3184e-01, 1.5440e-02],\n",
      "          [8.5434e-03, 2.7035e-01, 6.0743e-02, 8.3311e-03, 1.5214e-02,\n",
      "           2.8486e-01, 3.1934e-01, 3.2610e-02],\n",
      "          [4.3507e-03, 2.1346e-01, 4.9581e-02, 2.4881e-03, 1.6976e-02,\n",
      "           2.3644e-01, 4.6570e-01, 1.1008e-02],\n",
      "          [3.2999e-03, 2.8827e-01, 3.7586e-02, 3.3802e-03, 2.1529e-02,\n",
      "           2.8495e-01, 3.4632e-01, 1.4671e-02],\n",
      "          [7.2024e-03, 1.8453e-01, 9.5482e-02, 2.2042e-02, 4.0349e-02,\n",
      "           1.6038e-01, 4.5471e-01, 3.5302e-02],\n",
      "          [1.2684e-02, 2.4009e-01, 5.7083e-02, 8.2994e-03, 2.4200e-02,\n",
      "           2.9492e-01, 2.7229e-01, 9.0431e-02],\n",
      "          [5.0572e-03, 2.0376e-01, 7.6139e-02, 1.5574e-02, 4.5772e-02,\n",
      "           1.6411e-01, 4.6325e-01, 2.6345e-02]]]], grad_fn=<SoftmaxBackward0>), tensor([[[[8.2128e-01, 2.2649e-02, 1.2887e-02, 1.1422e-02, 1.9844e-02,\n",
      "           2.1823e-02, 1.0433e-02, 7.9662e-02],\n",
      "          [4.4493e-01, 1.8219e-01, 2.4001e-02, 8.8787e-03, 2.4259e-02,\n",
      "           2.0199e-01, 3.4563e-02, 7.9182e-02],\n",
      "          [5.4105e-01, 5.1823e-02, 1.2914e-02, 6.2966e-02, 7.8187e-02,\n",
      "           4.0772e-02, 4.7605e-02, 1.6468e-01],\n",
      "          [8.5193e-01, 1.2459e-02, 2.6434e-02, 7.0119e-03, 2.4260e-02,\n",
      "           1.6182e-02, 1.2294e-02, 4.9426e-02],\n",
      "          [8.6895e-01, 2.5809e-02, 1.4807e-02, 1.0613e-02, 8.6975e-03,\n",
      "           2.7007e-02, 6.0804e-03, 3.8032e-02],\n",
      "          [4.5857e-01, 1.7552e-01, 1.7741e-02, 1.1414e-02, 2.6788e-02,\n",
      "           2.0101e-01, 3.3392e-02, 7.5555e-02],\n",
      "          [6.4188e-01, 5.1361e-02, 7.0547e-02, 1.5333e-02, 3.3628e-02,\n",
      "           5.6601e-02, 1.3155e-02, 1.1750e-01],\n",
      "          [8.3380e-01, 1.5876e-02, 1.8218e-02, 1.5256e-02, 1.8369e-02,\n",
      "           1.4472e-02, 7.0214e-03, 7.6989e-02]],\n",
      "\n",
      "         [[5.9579e-01, 8.6903e-02, 6.0701e-03, 1.0868e-02, 5.9979e-02,\n",
      "           7.8503e-02, 7.7559e-03, 1.5413e-01],\n",
      "          [5.7809e-01, 2.9976e-02, 2.8467e-03, 3.7383e-02, 6.8062e-02,\n",
      "           9.4944e-02, 1.9565e-03, 1.8674e-01],\n",
      "          [2.8046e-01, 2.1542e-02, 5.0084e-01, 8.0387e-04, 3.8307e-02,\n",
      "           3.6933e-02, 2.2113e-04, 1.2090e-01],\n",
      "          [4.6756e-01, 5.6175e-02, 2.5359e-04, 3.7747e-01, 2.1438e-03,\n",
      "           2.7067e-02, 2.3005e-03, 6.7024e-02],\n",
      "          [7.4780e-01, 4.7063e-02, 3.4183e-03, 2.4745e-03, 3.0211e-02,\n",
      "           1.1856e-02, 5.2515e-04, 1.5665e-01],\n",
      "          [5.1275e-01, 1.3077e-01, 5.4618e-03, 3.5835e-02, 2.6515e-02,\n",
      "           2.3401e-02, 4.5419e-03, 2.6072e-01],\n",
      "          [2.6320e-01, 4.3144e-02, 6.3993e-04, 6.1245e-03, 5.6212e-03,\n",
      "           1.2617e-02, 6.0604e-01, 6.2618e-02],\n",
      "          [7.5052e-01, 5.4654e-02, 1.3859e-03, 3.6775e-03, 3.2225e-02,\n",
      "           7.0428e-02, 1.2360e-03, 8.5873e-02]],\n",
      "\n",
      "         [[8.9823e-01, 1.8893e-02, 4.0322e-03, 2.0566e-03, 1.8033e-02,\n",
      "           2.5292e-02, 1.5728e-03, 3.1891e-02],\n",
      "          [4.5704e-01, 1.5624e-01, 2.7274e-02, 3.0599e-02, 3.7967e-02,\n",
      "           1.1517e-01, 3.3317e-02, 1.4239e-01],\n",
      "          [3.9738e-01, 5.5637e-02, 2.5502e-01, 3.2240e-02, 4.5006e-02,\n",
      "           3.9409e-02, 4.5815e-02, 1.2950e-01],\n",
      "          [6.4418e-01, 7.3160e-02, 7.1075e-03, 1.7764e-03, 3.2833e-02,\n",
      "           1.0132e-01, 7.1715e-03, 1.3245e-01],\n",
      "          [4.9901e-01, 1.5184e-01, 2.0072e-02, 1.9309e-02, 4.1469e-02,\n",
      "           1.2648e-01, 1.7266e-02, 1.2455e-01],\n",
      "          [4.3269e-01, 1.8841e-01, 1.7319e-02, 2.7530e-02, 4.2206e-02,\n",
      "           1.3820e-01, 2.8875e-02, 1.2477e-01],\n",
      "          [5.6903e-01, 9.4313e-02, 1.1730e-01, 3.9161e-03, 2.6420e-02,\n",
      "           7.4206e-02, 8.9163e-03, 1.0590e-01],\n",
      "          [3.3874e-01, 1.5615e-01, 2.3952e-02, 2.5780e-02, 1.0745e-01,\n",
      "           1.5151e-01, 2.1596e-02, 1.7482e-01]],\n",
      "\n",
      "         [[7.4670e-01, 2.2823e-02, 1.6956e-02, 8.5064e-03, 2.9737e-02,\n",
      "           1.5535e-02, 1.5424e-02, 1.4432e-01],\n",
      "          [6.1814e-01, 1.1053e-01, 3.6042e-03, 2.7222e-03, 8.4318e-02,\n",
      "           1.2595e-01, 5.0836e-03, 4.9662e-02],\n",
      "          [7.5326e-01, 5.0619e-02, 5.8773e-03, 3.5167e-03, 1.0070e-01,\n",
      "           5.3282e-02, 6.1202e-03, 2.6626e-02],\n",
      "          [6.7455e-01, 8.9277e-02, 4.2878e-03, 3.0804e-03, 7.0528e-02,\n",
      "           1.0121e-01, 4.5144e-03, 5.2552e-02],\n",
      "          [7.3547e-01, 5.9007e-02, 4.3629e-03, 1.9264e-03, 6.4497e-02,\n",
      "           6.2524e-02, 4.5527e-03, 6.7663e-02],\n",
      "          [6.5939e-01, 8.9684e-02, 6.2671e-03, 3.0377e-03, 8.2170e-02,\n",
      "           9.5825e-02, 6.8422e-03, 5.6780e-02],\n",
      "          [7.7550e-01, 6.3444e-02, 4.1098e-03, 2.0485e-03, 5.7528e-02,\n",
      "           6.7859e-02, 3.9933e-03, 2.5515e-02],\n",
      "          [7.1102e-01, 8.2450e-02, 1.3753e-02, 5.1454e-03, 5.2992e-02,\n",
      "           6.3772e-02, 9.8527e-03, 6.1013e-02]],\n",
      "\n",
      "         [[8.3307e-01, 1.9909e-02, 1.7713e-02, 4.1488e-02, 3.9154e-03,\n",
      "           2.3171e-02, 9.7597e-03, 5.0975e-02],\n",
      "          [6.0470e-01, 2.4478e-02, 3.1869e-01, 2.2212e-02, 1.1888e-02,\n",
      "           1.0483e-03, 1.2342e-02, 4.6486e-03],\n",
      "          [8.1083e-01, 4.0182e-02, 7.5116e-03, 5.7645e-02, 5.8185e-02,\n",
      "           6.3712e-03, 8.9846e-03, 1.0292e-02],\n",
      "          [3.5614e-01, 3.9783e-02, 1.8576e-01, 2.9606e-02, 3.4113e-01,\n",
      "           2.6249e-02, 3.3508e-03, 1.7978e-02],\n",
      "          [2.4759e-01, 1.0834e-02, 2.4779e-02, 6.3082e-01, 3.5131e-04,\n",
      "           4.7803e-02, 2.2740e-03, 3.5544e-02],\n",
      "          [3.9871e-01, 3.0026e-03, 1.0256e-01, 3.2953e-02, 1.0705e-01,\n",
      "           3.0314e-02, 2.6948e-01, 5.5937e-02],\n",
      "          [4.3977e-01, 1.9721e-02, 7.9221e-03, 1.1300e-02, 2.8938e-03,\n",
      "           2.2757e-01, 6.7545e-03, 2.8407e-01],\n",
      "          [8.3250e-01, 3.6774e-03, 2.5305e-03, 2.5898e-03, 1.5744e-03,\n",
      "           2.4837e-02, 2.4742e-02, 1.0755e-01]],\n",
      "\n",
      "         [[1.2825e-01, 4.9687e-02, 2.7653e-02, 8.6387e-02, 1.4526e-01,\n",
      "           1.6160e-01, 9.5501e-02, 3.0566e-01],\n",
      "          [2.4081e-01, 2.8211e-03, 3.9607e-03, 1.6668e-02, 6.4661e-02,\n",
      "           6.0822e-02, 6.6633e-02, 5.4362e-01],\n",
      "          [6.4443e-01, 1.0431e-02, 1.1536e-02, 1.5416e-02, 3.9402e-02,\n",
      "           4.0775e-02, 3.2703e-02, 2.0531e-01],\n",
      "          [7.6645e-01, 3.4789e-03, 6.2689e-03, 6.2237e-03, 6.6177e-03,\n",
      "           9.7455e-03, 2.2894e-02, 1.7833e-01],\n",
      "          [9.7088e-01, 1.7181e-03, 2.8088e-03, 2.8114e-03, 2.8619e-03,\n",
      "           3.4220e-03, 2.8797e-03, 1.2622e-02],\n",
      "          [9.8783e-01, 2.3746e-03, 1.8157e-03, 1.7956e-03, 2.1962e-03,\n",
      "           1.4256e-03, 5.1129e-04, 2.0556e-03],\n",
      "          [9.3039e-01, 2.1389e-02, 3.0708e-02, 9.0443e-03, 3.6763e-03,\n",
      "           1.4946e-03, 1.2150e-03, 2.0792e-03],\n",
      "          [8.4231e-01, 8.6322e-02, 4.3061e-02, 1.2642e-02, 8.1792e-03,\n",
      "           3.2857e-03, 1.9140e-03, 2.2822e-03]],\n",
      "\n",
      "         [[8.9421e-01, 2.0860e-02, 4.1608e-03, 2.4691e-03, 2.5820e-02,\n",
      "           2.1828e-02, 3.6861e-03, 2.6967e-02],\n",
      "          [1.7168e-01, 1.4459e-01, 2.0585e-01, 1.4035e-01, 5.0510e-02,\n",
      "           8.0540e-02, 9.3370e-02, 1.1312e-01],\n",
      "          [4.9999e-01, 9.9371e-02, 3.9516e-02, 1.3472e-01, 5.5606e-02,\n",
      "           6.2507e-02, 3.8495e-02, 6.9795e-02],\n",
      "          [3.1339e-01, 1.1370e-01, 2.0540e-01, 1.1649e-01, 2.5553e-02,\n",
      "           7.5767e-02, 5.2172e-02, 9.7527e-02],\n",
      "          [2.8953e-01, 7.7624e-02, 1.9187e-01, 1.5276e-01, 6.8332e-02,\n",
      "           6.0858e-02, 7.8885e-02, 8.0142e-02],\n",
      "          [1.8850e-01, 1.3216e-01, 2.1371e-01, 1.1580e-01, 5.9851e-02,\n",
      "           8.6516e-02, 9.1625e-02, 1.1183e-01],\n",
      "          [1.6891e-01, 9.6395e-02, 1.6065e-01, 2.5471e-01, 7.8754e-02,\n",
      "           9.8835e-02, 8.0756e-02, 6.0991e-02],\n",
      "          [7.3734e-01, 6.5669e-02, 2.3495e-02, 1.4057e-02, 2.8707e-02,\n",
      "           4.8806e-02, 1.2342e-02, 6.9580e-02]],\n",
      "\n",
      "         [[9.2225e-02, 1.1497e-01, 1.6187e-01, 8.4373e-02, 9.5623e-02,\n",
      "           1.4252e-01, 1.5147e-01, 1.5694e-01],\n",
      "          [3.7913e-03, 2.0101e-01, 7.1751e-02, 7.5988e-02, 2.0664e-01,\n",
      "           1.4459e-01, 1.1853e-01, 1.7770e-01],\n",
      "          [2.6270e-03, 1.3663e-01, 3.8832e-02, 6.2537e-02, 2.8538e-01,\n",
      "           9.8493e-02, 7.4583e-02, 3.0091e-01],\n",
      "          [6.0060e-04, 1.1454e-01, 1.1235e-02, 2.6679e-02, 3.3410e-01,\n",
      "           2.2785e-01, 7.3087e-02, 2.1190e-01],\n",
      "          [2.4836e-04, 1.8426e-01, 1.7758e-02, 5.9902e-02, 3.7753e-01,\n",
      "           1.5291e-01, 5.3463e-02, 1.5393e-01],\n",
      "          [8.8653e-04, 1.4244e-01, 2.6698e-02, 6.8025e-02, 2.9351e-01,\n",
      "           2.1196e-01, 9.8858e-02, 1.5762e-01],\n",
      "          [7.0385e-04, 1.3813e-01, 9.5125e-03, 2.7775e-02, 2.5519e-01,\n",
      "           2.1473e-01, 4.6826e-02, 3.0713e-01],\n",
      "          [8.2451e-03, 1.3480e-01, 9.3438e-02, 6.1464e-02, 1.1928e-01,\n",
      "           1.2380e-01, 1.1814e-01, 3.4083e-01]],\n",
      "\n",
      "         [[9.8110e-01, 2.1390e-03, 2.1942e-03, 2.4503e-03, 2.9941e-03,\n",
      "           1.5085e-03, 1.9650e-03, 5.6483e-03],\n",
      "          [8.2556e-02, 1.8566e-02, 4.0940e-01, 3.3035e-01, 5.9732e-02,\n",
      "           8.9051e-03, 7.3396e-02, 1.7090e-02],\n",
      "          [6.8847e-01, 1.9306e-03, 4.2501e-02, 8.7764e-02, 5.8863e-02,\n",
      "           9.7196e-03, 7.7317e-02, 3.3440e-02],\n",
      "          [1.7595e-01, 1.5789e-03, 1.8977e-02, 9.3814e-02, 3.1404e-01,\n",
      "           7.7340e-02, 2.5956e-01, 5.8732e-02],\n",
      "          [5.4739e-02, 8.4474e-04, 2.6944e-03, 2.9861e-02, 1.0054e-01,\n",
      "           1.1243e-01, 6.4773e-01, 5.1161e-02],\n",
      "          [1.3279e-01, 1.6734e-03, 1.3202e-02, 8.7944e-03, 1.6511e-02,\n",
      "           3.0758e-02, 6.6095e-01, 1.3532e-01],\n",
      "          [7.4966e-01, 4.0412e-03, 8.9148e-03, 6.6576e-03, 6.1508e-03,\n",
      "           4.1330e-03, 6.8433e-02, 1.5201e-01],\n",
      "          [9.5633e-01, 2.8788e-03, 2.8904e-03, 3.1657e-03, 2.5090e-03,\n",
      "           8.0050e-04, 2.5568e-03, 2.8865e-02]],\n",
      "\n",
      "         [[8.7305e-01, 1.8248e-02, 9.2156e-03, 1.7174e-02, 1.4022e-02,\n",
      "           1.5613e-02, 8.6618e-03, 4.4017e-02],\n",
      "          [6.0277e-01, 6.2011e-02, 1.9034e-02, 8.4132e-03, 3.6567e-02,\n",
      "           6.0804e-02, 1.5960e-02, 1.9444e-01],\n",
      "          [5.3936e-01, 4.7853e-02, 1.8399e-01, 2.4234e-02, 1.3227e-02,\n",
      "           3.7140e-02, 5.7666e-02, 9.6534e-02],\n",
      "          [4.3101e-01, 9.5988e-02, 1.0180e-01, 1.0612e-01, 2.2182e-02,\n",
      "           1.1045e-01, 4.4501e-02, 8.7947e-02],\n",
      "          [7.4001e-01, 3.7266e-02, 1.1208e-02, 2.1017e-02, 3.1190e-02,\n",
      "           2.8595e-02, 2.2519e-02, 1.0820e-01],\n",
      "          [6.5933e-01, 5.5751e-02, 1.7721e-02, 9.5551e-03, 3.6220e-02,\n",
      "           5.6433e-02, 1.2970e-02, 1.5202e-01],\n",
      "          [8.5015e-01, 2.1258e-02, 2.5991e-02, 5.8753e-03, 5.0873e-03,\n",
      "           1.6961e-02, 2.8375e-02, 4.6303e-02],\n",
      "          [6.6827e-01, 4.8471e-02, 1.7810e-02, 4.1830e-02, 3.5823e-02,\n",
      "           4.3662e-02, 1.1837e-02, 1.3230e-01]],\n",
      "\n",
      "         [[8.9017e-01, 9.6526e-03, 5.8294e-03, 5.5620e-03, 6.1280e-03,\n",
      "           8.3023e-03, 2.4413e-03, 7.1917e-02],\n",
      "          [8.3909e-01, 2.1869e-02, 2.1440e-02, 2.5367e-02, 1.4542e-02,\n",
      "           1.8225e-02, 5.6903e-03, 5.3775e-02],\n",
      "          [1.4155e-01, 1.9602e-02, 7.4661e-01, 9.3642e-03, 9.9960e-03,\n",
      "           1.7775e-02, 1.3555e-02, 4.1546e-02],\n",
      "          [7.1350e-01, 1.6554e-02, 2.9066e-02, 6.0329e-02, 2.6954e-02,\n",
      "           1.5151e-02, 7.3434e-02, 6.5011e-02],\n",
      "          [8.8720e-01, 1.0303e-02, 7.1208e-03, 3.4582e-02, 1.2794e-02,\n",
      "           7.0399e-03, 1.7705e-02, 2.3252e-02],\n",
      "          [8.6591e-01, 1.6345e-02, 9.2850e-03, 1.5548e-02, 1.4410e-02,\n",
      "           1.3127e-02, 8.5069e-03, 5.6864e-02],\n",
      "          [3.1872e-01, 6.3359e-02, 4.3885e-02, 1.0803e-01, 1.4293e-01,\n",
      "           5.1710e-02, 1.0650e-01, 1.6487e-01],\n",
      "          [9.4574e-01, 6.3555e-03, 5.7855e-04, 3.0480e-03, 5.4940e-03,\n",
      "           5.0975e-03, 1.2735e-03, 3.2417e-02]],\n",
      "\n",
      "         [[5.8698e-01, 6.2975e-02, 3.5697e-02, 2.5789e-02, 3.6398e-02,\n",
      "           5.9595e-02, 1.5582e-02, 1.7698e-01],\n",
      "          [6.4143e-01, 8.2030e-02, 2.8293e-02, 2.2059e-02, 4.9126e-02,\n",
      "           7.0647e-02, 9.3393e-03, 9.7074e-02],\n",
      "          [2.4665e-01, 5.8260e-02, 4.7313e-01, 1.2936e-02, 6.7496e-03,\n",
      "           7.1391e-02, 2.1269e-02, 1.0961e-01],\n",
      "          [5.8403e-01, 3.3715e-02, 9.9438e-03, 1.1711e-01, 1.3838e-01,\n",
      "           3.9507e-02, 4.7952e-02, 2.9364e-02],\n",
      "          [7.8257e-01, 4.1847e-02, 8.3162e-03, 5.2791e-02, 3.5717e-02,\n",
      "           3.6104e-02, 7.3136e-03, 3.5343e-02],\n",
      "          [6.4568e-01, 7.7355e-02, 3.0537e-02, 3.3380e-02, 4.9945e-02,\n",
      "           6.2982e-02, 1.0349e-02, 8.9773e-02],\n",
      "          [3.9729e-01, 9.9969e-02, 1.2494e-01, 1.7414e-01, 3.6054e-02,\n",
      "           8.1148e-02, 2.8696e-02, 5.7762e-02],\n",
      "          [6.4667e-01, 7.1446e-02, 1.6221e-02, 1.2521e-02, 5.5646e-02,\n",
      "           5.8500e-02, 1.1518e-02, 1.2748e-01]]]], grad_fn=<SoftmaxBackward0>), tensor([[[[8.0274e-01, 3.7179e-02, 3.0046e-03, 2.6477e-03, 6.2660e-03,\n",
      "           2.5609e-02, 2.1634e-03, 1.2039e-01],\n",
      "          [4.0611e-01, 1.5456e-01, 1.0722e-01, 2.1040e-02, 1.5174e-02,\n",
      "           1.7490e-01, 6.4036e-02, 5.6968e-02],\n",
      "          [3.2529e-01, 3.9341e-02, 4.7163e-01, 6.4102e-03, 4.6766e-03,\n",
      "           1.3170e-02, 8.2509e-02, 5.6972e-02],\n",
      "          [5.9494e-01, 1.3887e-01, 3.9650e-02, 1.4436e-02, 1.9404e-02,\n",
      "           1.0718e-01, 2.2424e-02, 6.3097e-02],\n",
      "          [4.8823e-01, 8.7283e-02, 4.4336e-02, 2.2534e-02, 4.4757e-02,\n",
      "           9.0166e-02, 2.6969e-02, 1.9573e-01],\n",
      "          [2.8477e-01, 1.7476e-01, 4.9121e-02, 4.7173e-02, 2.8663e-02,\n",
      "           2.6189e-01, 5.8140e-02, 9.5494e-02],\n",
      "          [5.5313e-01, 9.5265e-02, 1.4307e-01, 1.7570e-02, 1.0901e-02,\n",
      "           5.5939e-02, 4.4862e-02, 7.9262e-02],\n",
      "          [7.3563e-01, 1.0782e-01, 7.2621e-03, 9.9526e-03, 6.1564e-03,\n",
      "           6.8196e-02, 6.7077e-03, 5.8272e-02]],\n",
      "\n",
      "         [[8.6520e-01, 2.2280e-02, 7.9815e-03, 1.7168e-02, 1.6839e-02,\n",
      "           1.3881e-02, 5.4889e-03, 5.1156e-02],\n",
      "          [3.2598e-01, 6.5625e-02, 1.5168e-01, 1.0996e-01, 7.8543e-02,\n",
      "           5.2525e-02, 8.3543e-02, 1.3215e-01],\n",
      "          [4.4207e-01, 8.9995e-02, 2.4258e-01, 6.9279e-02, 2.8558e-02,\n",
      "           2.9872e-02, 3.2067e-02, 6.5580e-02],\n",
      "          [7.2386e-01, 1.5728e-02, 4.8417e-03, 8.8700e-02, 3.0004e-02,\n",
      "           1.4696e-02, 5.5790e-02, 6.6384e-02],\n",
      "          [5.3101e-01, 2.2984e-02, 3.9967e-02, 4.2223e-02, 9.7854e-02,\n",
      "           2.5290e-02, 1.5336e-01, 8.7315e-02],\n",
      "          [4.9877e-01, 3.1033e-02, 6.8422e-02, 5.9813e-02, 8.8062e-02,\n",
      "           3.3744e-02, 9.5321e-02, 1.2484e-01],\n",
      "          [5.1540e-01, 3.1755e-02, 8.0325e-02, 5.0674e-02, 9.1175e-02,\n",
      "           2.2494e-02, 1.1002e-01, 9.8160e-02],\n",
      "          [3.9502e-01, 1.1336e-01, 3.9615e-02, 3.8327e-02, 6.2061e-02,\n",
      "           7.3427e-02, 3.4407e-02, 2.4378e-01]],\n",
      "\n",
      "         [[2.2615e-01, 6.4682e-02, 1.9431e-01, 5.6531e-02, 7.0482e-02,\n",
      "           5.0493e-02, 2.0124e-01, 1.3612e-01],\n",
      "          [9.9461e-01, 5.2877e-03, 3.0885e-07, 3.5234e-08, 6.4621e-07,\n",
      "           4.1910e-08, 7.6258e-09, 1.0417e-04],\n",
      "          [2.2447e-05, 9.9974e-01, 2.3931e-04, 3.2006e-09, 3.3972e-09,\n",
      "           1.7144e-06, 4.0375e-08, 1.6631e-08],\n",
      "          [4.8134e-06, 1.3422e-03, 9.9832e-01, 3.3431e-04, 1.0767e-07,\n",
      "           2.8399e-08, 8.3103e-07, 2.0644e-07],\n",
      "          [1.2286e-06, 1.5210e-08, 9.3015e-05, 9.9968e-01, 2.2572e-04,\n",
      "           4.6404e-09, 1.4091e-08, 1.3372e-07],\n",
      "          [6.4693e-06, 8.0134e-09, 4.3106e-09, 4.7825e-05, 9.9653e-01,\n",
      "           3.4123e-03, 2.4210e-07, 8.6227e-08],\n",
      "          [8.7753e-08, 4.1698e-07, 1.8191e-08, 2.5681e-10, 8.9495e-07,\n",
      "           9.9952e-01, 4.7932e-04, 3.9811e-08],\n",
      "          [8.6828e-07, 7.3491e-09, 3.6444e-06, 1.5963e-07, 9.1470e-08,\n",
      "           2.4786e-05, 9.9767e-01, 2.3024e-03]],\n",
      "\n",
      "         [[8.1620e-01, 2.7859e-02, 1.1516e-02, 3.1033e-03, 2.9076e-02,\n",
      "           3.3024e-02, 5.7724e-03, 7.3452e-02],\n",
      "          [4.6540e-01, 7.5279e-02, 8.4292e-02, 5.1340e-02, 8.7679e-03,\n",
      "           4.2499e-02, 4.1981e-02, 2.3044e-01],\n",
      "          [4.1593e-01, 6.8609e-02, 3.5467e-01, 1.9037e-02, 4.8786e-03,\n",
      "           4.1312e-02, 3.2951e-02, 6.2608e-02],\n",
      "          [7.2577e-01, 5.3876e-02, 8.3297e-04, 1.0460e-02, 2.5726e-02,\n",
      "           8.6466e-02, 3.8167e-03, 9.3048e-02],\n",
      "          [5.7403e-01, 4.0118e-02, 1.7078e-02, 4.7852e-02, 7.8188e-02,\n",
      "           5.2460e-02, 1.5390e-02, 1.7488e-01],\n",
      "          [3.7170e-01, 3.9445e-02, 4.0179e-02, 6.7784e-02, 1.1074e-01,\n",
      "           3.9087e-02, 5.6104e-02, 2.7497e-01],\n",
      "          [5.4409e-01, 8.6383e-02, 1.9979e-02, 3.7772e-02, 3.0374e-02,\n",
      "           8.7102e-02, 4.8728e-02, 1.4557e-01],\n",
      "          [6.6605e-01, 3.4888e-02, 1.1172e-02, 2.4435e-02, 4.4704e-02,\n",
      "           4.5522e-02, 1.3127e-02, 1.6011e-01]],\n",
      "\n",
      "         [[7.7363e-01, 3.5428e-02, 1.0583e-02, 1.8968e-02, 1.9717e-02,\n",
      "           2.6992e-02, 9.7176e-03, 1.0496e-01],\n",
      "          [5.2691e-01, 6.2627e-02, 1.0167e-01, 4.0873e-02, 3.6825e-02,\n",
      "           5.1612e-02, 4.5441e-02, 1.3404e-01],\n",
      "          [3.0949e-01, 1.3419e-01, 9.7761e-02, 5.6457e-02, 1.5687e-02,\n",
      "           8.3735e-02, 1.1356e-01, 1.8911e-01],\n",
      "          [4.4113e-01, 6.9639e-02, 6.8622e-03, 2.4862e-01, 3.2845e-02,\n",
